1 1489 96 93
2 1465 94 93
3 1479 95 91
4 1490 96 77
5 1491 96 76
6 1492 96 72
7 1493 96 70
8 1480 95 82
9 1494 96 67
10 1495 96 64
11 1408 92 90
12 1466 94 85
13 1409 92 89
14 1481 95 76
15 1437 93 86
16 1438 93 86
17 1496 96 53
18 1467 94 81
19 1410 92 87
20 1439 93 84
21 1482 95 71
22 1440 93 84
23 1441 93 83
24 1316 90 89
25 1317 90 89
26 1468 94 78
27 1442 93 82
28 1367 91 87
29 1483 95 66
30 1484 95 64
31 1497 96 29
32 1318 90 87
33 1247 89 88
34 1469 94 73
35 1368 91 85
36 1319 90 86
37 1485 95 56
38 1369 91 83
39 1370 91 83
40 1470 94 69
41 1471 94 69
42 1371 91 83
43 1372 91 83
44 1472 94 69
45 1411 92 79
46 1182 88 87
47 1412 92 79
48 1320 90 84
49 1321 90 84
50 1322 90 84
51 1443 93 73
52 1248 89 85
53 1249 89 85
54 1444 93 73
55 1473 94 65
56 1323 90 83
57 1120 87 87
58 1373 91 80
59 1413 92 76
60 1474 94 62
61 1324 90 82
62 1374 91 79
63 1375 91 79
64 1475 94 60
65 1486 95 41
66 1250 89 83
67 1445 93 69
68 1446 93 69
69 1325 90 81
70 1487 95 41
71 1251 89 83
72 1252 89 83
73 1476 94 59
74 1376 91 78
75 1377 91 78
76 1488 95 40
77 1183 88 84
78 1121 87 85
79 1253 89 82
80 1122 87 85
81 1254 89 82
82 1378 91 77
83 1379 91 77
84 1380 91 77
85 1447 93 66
86 1381 91 76
87 1477 94 55
88 1382 91 76
89 1255 89 81
90 1256 89 81
91 1448 93 65
92 1123 87 84
93 1414 92 71
94 1415 92 71
95 1054 86 85
96 1449 93 64
97 1055 86 85
98 1056 86 85
99 1450 93 64
100 1057 86 85
101 1326 90 78
102 1327 90 78
103 1184 88 82
104 1257 89 80
105 1258 89 80
106 1259 89 80
107 1260 89 80
108 1451 93 63
109 1383 91 74
110 1328 90 77
111 1416 92 69
112 1417 92 69
113 1452 93 62
114 1329 90 77
115 1453 93 62
116 1454 93 62
117 1058 86 84
118 1059 86 84
119 1261 89 79
120 1185 88 81
121 1262 89 79
122 1263 89 79
123 1264 89 79
124 1478 94 49
125 1418 92 67
126 1124 87 82
127 1186 88 80
128 1187 88 80
129 1188 88 80
130 1189 88 80
131 1060 86 83
132 1330 90 75
133 1419 92 66
134 1420 92 66
135 1421 92 66
136 974 85 84
137 1455 93 58
138 975 85 84
139 1456 93 58
140 1384 91 71
141 1265 89 77
142 1422 92 65
143 1190 88 79
144 1191 88 79
145 1061 86 82
146 1062 86 82
147 976 85 83
148 977 85 83
149 1266 89 76
150 1331 90 73
151 1267 89 76
152 1457 93 55
153 1268 89 76
154 1269 89 76
155 1332 90 73
156 978 85 83
157 885 84 84
158 1125 87 80
159 1126 87 80
160 1127 87 80
161 1128 87 80
162 1192 88 78
163 1193 88 78
164 1194 88 78
165 1385 91 68
166 1333 90 72
167 1334 90 72
168 1270 89 75
169 1063 86 81
170 1271 89 75
171 1195 88 77
172 1196 88 77
173 1423 92 61
174 1197 88 77
175 979 85 82
176 1129 87 79
177 1335 90 71
178 1336 90 71
179 886 84 83
180 1458 93 51
181 1272 89 74
182 1424 92 60
183 1386 91 66
184 1064 86 80
185 1459 93 50
186 1337 90 70
187 1198 88 76
188 1338 90 70
189 1130 87 78
190 1425 92 59
191 1131 87 78
192 980 85 81
193 1273 89 73
194 981 85 81
195 982 85 81
196 1274 89 73
197 887 84 82
198 888 84 82
199 1460 93 48
200 1339 90 69
201 815 83 83
202 816 83 83
203 1199 88 75
204 1275 89 72
205 1132 87 77
206 1276 89 72
207 1340 90 68
208 983 85 80
209 984 85 80
210 985 85 80
211 986 85 80
212 987 85 80
213 988 85 80
214 989 85 80
215 990 85 80
216 1426 92 56
217 1277 89 71
218 1278 89 71
219 889 84 81
220 890 84 81
221 1065 86 78
222 1133 87 76
223 817 83 82
224 1387 91 62
225 1341 90 67
226 1388 91 62
227 1342 90 67
228 1427 92 54
229 1200 88 73
230 991 85 79
231 1279 89 70
232 1201 88 73
233 1389 91 61
234 1390 91 61
235 1066 86 77
236 1134 87 75
237 1428 92 53
238 1429 92 53
239 1067 86 77
240 1461 93 42
241 891 84 80
242 892 84 80
243 1391 91 60
244 818 83 81
245 819 83 81
246 739 82 82
247 740 82 82
248 1202 88 72
249 741 82 82
250 1203 88 72
251 992 85 78
252 993 85 78
253 1135 87 74
254 1343 90 64
255 1344 90 64
256 1068 86 76
257 1280 89 68
258 1281 89 68
259 1204 88 71
260 893 84 79
261 894 84 79
262 1205 88 71
263 895 84 79
264 1430 92 50
265 820 83 80
266 1345 90 63
267 994 85 77
268 1136 87 73
269 1392 91 57
270 1393 91 57
271 1137 87 73
272 1138 87 73
273 742 82 81
274 1282 89 67
275 995 85 77
276 996 85 77
277 1462 93 37
278 1069 86 75
279 1070 86 75
280 1206 88 70
281 1207 88 70
282 1208 88 70
283 1431 92 48
284 1394 91 56
285 896 84 78
286 897 84 78
287 1463 93 35
288 1283 89 66
289 997 85 76
290 1346 90 61
291 1395 91 55
292 1396 91 55
293 1071 86 74
294 1072 86 74
295 1073 86 74
296 1074 86 74
297 1075 86 74
298 1076 86 74
299 1077 86 74
300 1432 92 46
301 743 82 80
302 1397 91 54
303 898 84 77
304 899 84 77
305 1139 87 71
306 1433 92 45
307 1140 87 71
308 1209 88 68
309 1210 88 68
310 1211 88 68
311 1212 88 68
312 1398 91 53
313 998 85 75
314 999 85 75
315 1078 86 73
316 1079 86 73
317 821 83 78
318 1347 90 59
319 1348 90 59
320 822 83 78
321 823 83 78
322 1399 91 52
323 1213 88 67
324 1214 88 67
325 1434 92 43
326 675 81 80
327 676 81 80
328 1080 86 72
329 1000 85 74
330 1001 85 74
331 1002 85 74
332 1215 88 66
333 1216 88 66
334 824 83 77
335 1349 90 57
336 825 83 77
337 1350 90 57
338 1141 87 69
339 826 83 77
340 827 83 77
341 1400 91 50
342 1401 91 50
343 744 82 78
344 745 82 78
345 746 82 78
346 1435 92 40
347 747 82 78
348 1436 92 40
349 1081 86 71
350 900 84 75
351 901 84 75
352 902 84 75
353 903 84 75
354 1351 90 56
355 1352 90 56
356 1402 91 49
357 677 81 79
358 1284 89 61
359 678 81 79
360 1285 89 61
361 679 81 79
362 605 80 80
363 606 80 80
364 1142 87 68
365 1286 89 60
366 1082 86 70
367 904 84 74
368 905 84 74
369 906 84 74
370 907 84 74
371 908 84 74
372 1003 85 72
373 748 82 77
374 1403 91 47
375 1143 87 67
376 1004 85 72
377 1144 87 67
378 680 81 78
379 681 81 78
380 682 81 78
381 683 81 78
382 1287 89 59
383 1217 88 63
384 607 80 79
385 608 80 79
386 1218 88 63
387 1083 86 69
388 828 83 75
389 829 83 75
390 830 83 75
391 1145 87 66
392 1146 87 66
393 1147 87 66
394 909 84 73
395 910 84 73
396 1288 89 58
397 1005 85 71
398 1006 85 71
399 1289 89 58
400 1290 89 58
401 911 84 73
402 912 84 73
403 913 84 73
404 1353 90 52
405 1084 86 68
406 1085 86 68
407 684 81 77
408 685 81 77
409 1291 89 57
410 686 81 77
411 1148 87 65
412 831 83 74
413 832 83 74
414 609 80 78
415 1219 88 61
416 1292 89 56
417 1354 90 50
418 749 82 75
419 750 82 75
420 751 82 75
421 1086 86 67
422 1149 87 64
423 1150 87 64
424 1151 87 64
425 1220 88 60
426 1221 88 60
427 687 81 76
428 688 81 76
429 833 83 73
430 689 81 76
431 1404 91 41
432 1007 85 69
433 1405 91 41
434 1355 90 49
435 1356 90 49
436 914 84 71
437 915 84 71
438 610 80 77
439 611 80 77
440 1152 87 63
441 1087 86 66
442 1088 86 66
443 543 79 78
444 1222 88 59
445 1223 88 59
446 544 79 78
447 1357 90 48
448 1293 89 54
449 1294 89 54
450 752 82 74
451 753 82 74
452 1406 91 39
453 1008 85 68
454 1009 85 68
455 1010 85 68
456 1011 85 68
457 1153 87 62
458 1154 87 62
459 1155 87 62
460 1156 87 62
461 1358 90 47
462 1359 90 47
463 1157 87 62
464 1224 88 58
465 690 81 75
466 1089 86 65
467 691 81 75
468 1295 89 53
469 1296 89 53
470 1090 86 65
471 612 80 76
472 1360 90 46
473 613 80 76
474 614 80 76
475 615 80 76
476 754 82 73
477 1225 88 57
478 545 79 77
479 1226 88 57
480 755 82 73
481 546 79 77
482 547 79 77
483 1227 88 57
484 1297 89 52
485 548 79 77
486 549 79 77
487 1012 85 67
488 1158 87 61
489 1298 89 52
490 756 82 73
491 1013 85 67
492 757 82 73
493 916 84 69
494 917 84 69
495 834 83 71
496 918 84 69
497 835 83 71
498 836 83 71
499 1407 91 36
500 1299 89 51
501 1300 89 51
502 1159 87 60
503 1014 85 66
504 616 80 75
505 1091 86 63
506 1092 86 63
507 617 80 75
508 618 80 75
509 1093 86 63
510 619 80 75
511 758 82 72
512 1301 89 50
513 1302 89 50
514 919 84 68
515 920 84 68
516 921 84 68
517 922 84 68
518 923 84 68
519 924 84 68
520 1361 90 43
521 1362 90 43
522 837 83 70
523 838 83 70
524 1228 88 55
525 1363 90 43
526 496 78 77
527 497 78 77
528 498 78 77
529 1015 85 65
530 1016 85 65
531 1303 89 49
532 1304 89 49
533 1094 86 62
534 1364 90 42
535 1229 88 54
536 1464 93 0
537 759 82 71
538 760 82 71
539 761 82 71
540 925 84 67
541 762 82 71
542 763 82 71
543 620 80 74
544 1305 89 48
545 839 83 69
546 840 83 69
547 841 83 69
548 1306 89 48
549 1307 89 48
550 550 79 75
551 551 79 75
552 1017 85 64
553 552 79 75
554 1018 85 64
555 1019 85 64
556 1230 88 53
557 499 78 76
558 500 78 76
559 1365 90 40
560 692 81 72
561 1160 87 57
562 1308 89 47
563 429 77 77
564 693 81 72
565 430 77 77
566 431 77 77
567 1309 89 47
568 926 84 66
569 927 84 66
570 928 84 66
571 1231 88 52
572 764 82 70
573 842 83 68
574 843 83 68
575 1095 86 60
576 1096 86 60
577 1097 86 60
578 1098 86 60
579 1020 85 63
580 1310 89 46
581 1161 87 56
582 1162 87 56
583 1232 88 51
584 1021 85 62
585 765 82 69
586 432 77 76
587 1163 87 55
588 1233 88 50
589 1311 89 44
590 621 80 72
591 622 80 72
592 1164 87 54
593 1022 85 61
594 694 81 70
595 553 79 73
596 695 81 70
597 1023 85 61
598 1234 88 49
599 554 79 73
600 555 79 73
601 1235 88 49
602 1236 88 49
603 1024 85 61
604 556 79 73
605 844 83 66
606 845 83 66
607 766 82 68
608 501 78 74
609 502 78 74
610 503 78 74
611 504 78 74
612 1099 86 57
613 1100 86 57
614 433 77 75
615 1101 86 57
616 1237 88 48
617 929 84 63
618 930 84 63
619 623 80 71
620 624 80 71
621 625 80 71
622 1025 85 60
623 696 81 69
624 1165 87 52
625 767 82 67
626 1166 87 52
627 557 79 72
628 558 79 72
629 768 82 67
630 1238 88 47
631 1167 87 52
632 1168 87 52
633 1239 88 47
634 1102 86 56
635 1103 86 56
636 931 84 62
637 932 84 62
638 933 84 62
639 934 84 62
640 505 78 73
641 1312 89 40
642 506 78 73
643 1026 85 59
644 507 78 73
645 1240 88 46
646 1241 88 46
647 626 80 70
648 434 77 74
649 435 77 74
650 436 77 74
651 437 77 74
652 1104 86 55
653 367 76 75
654 368 76 75
655 1105 86 55
656 1106 86 55
657 369 76 75
658 697 81 68
659 1313 89 39
660 769 82 66
661 770 82 66
662 935 84 61
663 936 84 61
664 559 79 71
665 560 79 71
666 937 84 61
667 1169 87 50
668 508 78 72
669 509 78 72
670 510 78 72
671 627 80 69
672 628 80 69
673 629 80 69
674 846 83 63
675 1027 85 57
676 438 77 73
677 1170 87 49
678 439 77 73
679 1028 85 57
680 440 77 73
681 441 77 73
682 1171 87 49
683 1172 87 49
684 442 77 73
685 698 81 67
686 370 76 74
687 320 75 75
688 561 79 70
689 847 83 62
690 848 83 62
691 1029 85 56
692 1030 85 56
693 630 80 68
694 631 80 68
695 632 80 68
696 511 78 71
697 512 78 71
698 938 84 59
699 1107 86 52
700 1108 86 52
701 771 82 64
702 699 81 66
703 700 81 66
704 701 81 66
705 702 81 66
706 443 77 72
707 444 77 72
708 445 77 72
709 446 77 72
710 562 79 69
711 371 76 73
712 372 76 73
713 373 76 73
714 374 76 73
715 375 76 73
716 376 76 73
717 377 76 73
718 1109 86 51
719 321 75 74
720 322 75 74
721 323 75 74
722 633 80 67
723 772 82 63
724 773 82 63
725 634 80 67
726 1173 87 46
727 513 78 70
728 1242 88 40
729 1243 88 40
730 1031 85 54
731 1032 85 54
732 1033 85 54
733 849 83 60
734 939 84 57
735 940 84 57
736 941 84 57
737 942 84 57
738 943 84 57
739 447 77 71
740 1174 87 45
741 448 77 71
742 449 77 71
743 944 84 57
744 563 79 68
745 564 79 68
746 565 79 68
747 378 76 72
748 379 76 72
749 774 82 62
750 1110 86 49
751 324 75 73
752 1111 86 49
753 325 75 73
754 326 75 73
755 1034 85 53
756 327 75 73
757 703 81 64
758 1112 86 49
759 275 74 74
760 1175 87 44
761 850 83 59
762 945 84 56
763 946 84 56
764 1113 86 48
765 1035 85 52
766 566 79 67
767 775 82 61
768 1036 85 52
769 450 77 70
770 451 77 70
771 1176 87 43
772 1037 85 52
773 452 77 70
774 635 80 65
775 636 80 65
776 947 84 55
777 380 76 71
778 948 84 55
779 949 84 55
780 381 76 71
781 382 76 71
782 1114 86 47
783 1115 86 47
784 514 78 68
785 1038 85 51
786 276 74 73
787 277 74 73
788 1039 85 51
789 1040 85 51
790 776 82 60
791 777 82 60
792 778 82 60
793 567 79 66
794 568 79 66
795 950 84 54
796 453 77 69
797 851 83 57
798 454 77 69
799 455 77 69
800 1177 87 41
801 456 77 69
802 1178 87 41
803 457 77 69
804 458 77 69
805 852 83 57
806 637 80 64
807 638 80 64
808 1041 85 50
809 383 76 70
810 384 76 70
811 385 76 70
812 779 82 59
813 780 82 59
814 781 82 59
815 951 84 53
816 328 75 71
817 952 84 53
818 1116 86 45
819 329 75 71
820 330 75 71
821 331 75 71
822 332 75 71
823 853 83 56
824 278 74 72
825 279 74 72
826 1042 85 49
827 1043 85 49
828 704 81 61
829 705 81 61
830 706 81 61
831 639 80 63
832 640 80 63
833 953 84 52
834 954 84 52
835 386 76 69
836 1044 85 48
837 515 78 66
838 516 78 66
839 517 78 66
840 707 81 60
841 708 81 60
842 333 75 70
843 334 75 70
844 335 75 70
845 641 80 62
846 280 74 71
847 281 74 71
848 459 77 67
849 782 82 57
850 460 77 67
851 461 77 67
852 1045 85 47
853 1046 85 47
854 854 83 54
855 1117 86 42
856 518 78 65
857 519 78 65
858 709 81 59
859 710 81 59
860 520 78 65
861 521 78 65
862 387 76 68
863 388 76 68
864 389 76 68
865 955 84 50
866 956 84 50
867 957 84 50
868 958 84 50
869 1047 85 46
870 569 79 63
871 1244 88 29
872 783 82 56
873 855 83 53
874 336 75 69
875 337 75 69
876 856 83 53
877 857 83 53
878 338 75 69
879 1179 87 35
880 462 77 66
881 282 74 70
882 283 74 70
883 284 74 70
884 285 74 70
885 286 74 70
886 233 73 71
887 234 73 71
888 522 78 64
889 523 78 64
890 642 80 60
891 643 80 60
892 784 82 55
893 858 83 52
894 570 79 62
895 859 83 52
896 390 76 67
897 571 79 62
898 860 83 52
899 861 83 52
900 572 79 62
901 959 84 48
902 339 75 68
903 340 75 68
904 711 81 57
905 712 81 57
906 862 83 51
907 863 83 51
908 864 83 51
909 524 78 63
910 573 79 61
911 1245 88 25
912 574 79 61
913 197 72 71
914 198 72 71
915 199 72 71
916 960 84 47
917 961 84 47
918 200 72 71
919 962 84 47
920 391 76 66
921 713 81 56
922 865 83 50
923 866 83 50
924 867 83 50
925 341 75 67
926 342 75 67
927 343 75 67
928 463 77 64
929 464 77 64
930 785 82 53
931 1048 85 42
932 1049 85 42
933 644 80 58
934 645 80 58
935 646 80 58
936 525 78 62
937 575 79 60
938 576 79 60
939 287 74 68
940 288 74 68
941 289 74 68
942 235 73 69
943 392 76 65
944 236 73 69
945 393 76 65
946 868 83 49
947 786 82 52
948 787 82 52
949 160 71 71
950 963 84 45
951 1366 90 0
952 1180 87 29
953 465 77 63
954 466 77 63
955 344 75 66
956 1050 85 40
957 1051 85 40
958 869 83 48
959 870 83 48
960 871 83 48
961 714 81 54
962 715 81 54
963 964 84 44
964 290 74 67
965 788 82 51
966 394 76 64
967 1118 86 34
968 395 76 64
969 396 76 64
970 237 73 68
971 238 73 68
972 239 73 68
973 647 80 56
974 648 80 56
975 872 83 47
976 467 77 62
977 468 77 62
978 201 72 69
979 202 72 69
980 469 77 62
981 470 77 62
982 873 83 47
983 577 79 58
984 578 79 58
985 161 71 70
986 965 84 43
987 291 74 66
988 874 83 46
989 397 76 63
990 649 80 55
991 398 76 63
992 716 81 52
993 717 81 52
994 579 79 57
995 580 79 57
996 240 73 67
997 581 79 57
998 718 81 52
999 719 81 52
1000 526 78 59
1001 527 78 59
1002 203 72 68
1003 204 72 68
1004 205 72 68
1005 206 72 68
1006 207 72 68
1007 162 71 69
1008 875 83 45
1009 163 71 69
1010 143 70 70
1011 650 80 54
1012 399 76 62
1013 789 82 48
1014 400 76 62
1015 790 82 48
1016 791 82 48
1017 401 76 62
1018 292 74 65
1019 293 74 65
1020 294 74 65
1021 582 79 56
1022 966 84 40
1023 876 83 44
1024 1052 85 35
1025 651 80 53
1026 652 80 53
1027 345 75 63
1028 653 80 53
1029 654 80 53
1030 655 80 53
1031 346 75 63
1032 792 82 47
1033 793 82 47
1034 794 82 47
1035 208 72 67
1036 795 82 47
1037 164 71 68
1038 165 71 68
1039 166 71 68
1040 583 79 55
1041 144 70 69
1042 402 76 61
1043 403 76 61
1044 404 76 61
1045 877 83 43
1046 145 70 69
1047 584 79 55
1048 585 79 55
1049 295 74 64
1050 656 80 52
1051 796 82 46
1052 797 82 46
1053 798 82 46
1054 657 80 52
1055 799 82 46
1056 720 81 49
1057 347 75 62
1058 348 75 62
1059 586 79 54
1060 209 72 66
1061 210 72 66
1062 1314 89 0
1063 1315 89 0
1064 405 76 60
1065 528 78 56
1066 800 82 45
1067 167 71 67
1068 801 82 45
1069 168 71 67
1070 169 71 67
1071 170 71 67
1072 967 84 37
1073 658 80 51
1074 296 74 63
1075 146 70 68
1076 147 70 68
1077 878 83 41
1078 721 81 48
1079 241 73 64
1080 242 73 64
1081 243 73 64
1082 349 75 61
1083 244 73 64
1084 350 75 61
1085 587 79 53
1086 802 82 44
1087 803 82 44
1088 406 76 59
1089 407 76 59
1090 659 80 50
1091 660 80 50
1092 661 80 50
1093 662 80 50
1094 211 72 65
1095 471 77 57
1096 212 72 65
1097 722 81 47
1098 213 72 65
1099 472 77 57
1100 723 81 47
1101 297 74 62
1102 298 74 62
1103 588 79 52
1104 589 79 52
1105 590 79 52
1106 591 79 52
1107 122 69 68
1108 351 75 60
1109 245 73 63
1110 724 81 46
1111 246 73 63
1112 663 80 49
1113 725 81 46
1114 726 81 46
1115 529 78 54
1116 530 78 54
1117 531 78 54
1118 473 77 56
1119 214 72 64
1120 804 82 42
1121 215 72 64
1122 879 83 38
1123 299 74 61
1124 300 74 61
1125 727 81 45
1126 728 81 45
1127 729 81 45
1128 171 71 65
1129 664 80 48
1130 665 80 48
1131 666 80 48
1132 352 75 59
1133 532 78 53
1134 353 75 59
1135 533 78 53
1136 534 78 53
1137 354 75 59
1138 148 70 66
1139 805 82 41
1140 408 76 57
1141 247 73 62
1142 123 69 67
1143 409 76 57
1144 248 73 62
1145 410 76 57
1146 474 77 55
1147 411 76 57
1148 249 73 62
1149 412 76 57
1150 475 77 55
1151 250 73 62
1152 105 68 68
1153 106 68 68
1154 968 84 32
1155 592 79 50
1156 806 82 40
1157 535 78 52
1158 807 82 40
1159 969 84 31
1160 1181 87 11
1161 476 77 54
1162 477 77 54
1163 413 76 56
1164 593 79 49
1165 251 73 61
1166 594 79 49
1167 252 73 61
1168 595 79 49
1169 253 73 61
1170 124 69 66
1171 880 83 35
1172 881 83 35
1173 808 82 39
1174 107 68 67
1175 1246 88 0
1176 536 78 51
1177 301 74 59
1178 216 72 62
1179 478 77 53
1180 730 81 42
1181 731 81 42
1182 882 83 34
1183 596 79 48
1184 970 84 29
1185 172 71 63
1186 254 73 60
1187 255 73 60
1188 256 73 60
1189 257 73 60
1190 537 78 50
1191 732 81 41
1192 733 81 41
1193 302 74 58
1194 971 84 28
1195 108 68 66
1196 109 68 66
1197 110 68 66
1198 597 79 47
1199 809 82 37
1200 479 77 52
1201 217 72 61
1202 480 77 52
1203 667 80 44
1204 668 80 44
1205 414 76 54
1206 173 71 62
1207 174 71 62
1208 538 78 49
1209 810 82 36
1210 669 80 43
1211 670 80 43
1212 125 69 64
1213 415 76 53
1214 126 69 64
1215 218 72 60
1216 90 67 66
1217 539 78 48
1218 540 78 48
1219 175 71 61
1220 176 71 61
1221 598 79 45
1222 177 71 61
1223 303 74 56
1224 304 74 56
1225 734 81 38
1226 541 78 47
1227 219 72 59
1228 258 73 57
1229 259 73 57
1230 178 71 60
1231 416 76 51
1232 305 74 55
1233 306 74 55
1234 307 74 55
1235 671 80 40
1236 811 82 32
1237 735 81 36
1238 127 69 62
1239 260 73 56
1240 261 73 56
1241 111 68 63
1242 417 76 50
1243 179 71 59
1244 542 78 45
1245 180 71 59
1246 91 67 64
1247 355 75 52
1248 599 79 42
1249 92 67 64
1250 736 81 35
1251 737 81 35
1252 149 70 60
1253 812 82 30
1254 418 76 49
1255 419 76 49
1256 128 69 61
1257 308 74 53
1258 309 74 53
1259 181 71 58
1260 813 82 29
1261 93 67 63
1262 481 77 46
1263 94 67 63
1264 482 77 46
1265 220 72 56
1266 420 76 48
1267 262 73 54
1268 263 73 54
1269 356 75 50
1270 129 69 60
1271 672 80 36
1272 483 77 45
1273 484 77 45
1274 182 71 57
1275 485 77 45
1276 486 77 45
1277 112 68 61
1278 95 67 62
1279 96 67 62
1280 150 70 58
1281 74 66 63
1282 75 66 63
1283 63 65 64
1284 357 75 49
1285 264 73 53
1286 310 74 51
1287 311 74 51
1288 487 77 44
1289 183 71 56
1290 1119 86 0
1291 221 72 54
1292 358 75 48
1293 359 75 48
1294 488 77 43
1295 265 73 52
1296 97 67 61
1297 98 67 61
1298 600 79 37
1299 738 81 29
1300 421 76 45
1301 222 72 53
1302 360 75 47
1303 489 77 42
1304 113 68 59
1305 266 73 51
1306 883 83 18
1307 422 76 44
1308 76 66 61
1309 77 66 61
1310 601 79 35
1311 972 84 11
1312 184 71 54
1313 130 69 57
1314 490 77 41
1315 223 72 52
1316 267 73 50
1317 491 77 40
1318 492 77 40
1319 361 75 45
1320 78 66 60
1321 312 74 47
1322 64 65 61
1323 65 65 61
1324 66 65 61
1325 673 80 29
1326 674 80 29
1327 1053 85 0
1328 362 75 44
1329 363 75 44
1330 313 74 46
1331 268 73 48
1332 269 73 48
1333 270 73 48
1334 67 65 60
1335 364 75 43
1336 151 70 53
1337 152 70 53
1338 153 70 53
1339 47 63 62
1340 314 74 45
1341 224 72 49
1342 131 69 54
1343 132 69 54
1344 133 69 54
1345 79 66 58
1346 365 75 42
1347 315 74 44
1348 53 64 60
1349 185 71 50
1350 602 79 29
1351 38 62 62
1352 99 67 56
1353 100 67 56
1354 134 69 53
1355 423 76 38
1356 493 77 35
1357 80 66 57
1358 81 66 57
1359 186 71 49
1360 187 71 49
1361 271 73 45
1362 225 72 47
1363 226 72 47
1364 227 72 47
1365 48 63 60
1366 135 69 52
1367 39 62 61
1368 973 84 0
1369 366 75 39
1370 603 79 26
1371 68 65 57
1372 424 76 36
1373 316 74 41
1374 188 71 47
1375 425 76 35
1376 272 73 42
1377 154 70 48
1378 155 70 48
1379 228 72 44
1380 189 71 46
1381 82 66 54
1382 114 68 51
1383 136 69 49
1384 137 69 49
1385 229 72 43
1386 190 71 45
1387 54 64 56
1388 884 83 0
1389 494 77 29
1390 115 68 50
1391 116 68 50
1392 40 62 58
1393 191 71 44
1394 101 67 51
1395 317 74 37
1396 55 64 55
1397 56 64 55
1398 57 64 55
1399 426 76 31
1400 318 74 36
1401 69 65 53
1402 70 65 53
1403 83 66 51
1404 427 76 29
1405 138 69 46
1406 428 76 28
1407 814 82 0
1408 192 71 41
1409 139 69 45
1410 273 73 36
1411 193 71 40
1412 230 72 37
1413 231 72 37
1414 71 65 50
1415 156 70 41
1416 157 70 41
1417 29 60 56
1418 23 59 57
1419 194 71 38
1420 158 70 40
1421 495 77 20
1422 604 79 11
1423 35 61 54
1424 232 72 35
1425 84 66 47
1426 58 64 50
1427 59 64 50
1428 195 71 37
1429 319 74 29
1430 72 65 48
1431 41 62 52
1432 85 66 46
1433 86 66 46
1434 196 71 36
1435 102 67 44
1436 103 67 44
1437 30 60 54
1438 117 68 42
1439 140 69 40
1440 141 69 40
1441 60 64 48
1442 142 69 39
1443 118 68 41
1444 119 68 41
1445 31 60 53
1446 49 63 49
1447 87 66 44
1448 120 68 40
1449 274 73 28
1450 73 65 45
1451 24 59 53
1452 121 68 39
1453 50 63 47
1454 32 60 51
1455 17 57 54
1456 51 63 46
1457 33 60 50
1458 25 59 51
1459 26 59 51
1460 61 64 44
1461 42 62 47
1462 88 66 40
1463 89 66 40
1464 34 60 49
1465 18 57 52
1466 43 62 45
1467 27 59 49
1468 28 59 49
1469 36 61 46
1470 159 70 29
1471 52 63 43
1472 10 55 53
1473 11 55 52
1474 62 64 37
1475 104 67 31
1476 7 52 52
1477 9 54 49
1478 13 56 45
1479 44 62 36
1480 6 51 50
1481 14 56 44
1482 22 58 41
1483 37 61 36
1484 45 62 34
1485 12 55 41
1486 19 57 38
1487 46 62 29
1488 20 57 36
1489 21 57 36
1490 15 56 36
1491 5 47 43
1492 8 53 29
1493 16 56 23
1494 2 43 39
1495 3 45 28
1496 4 46 26
1497 1 33 24
